-4.161897344718194631e+02 -4.182185382711868442e+02 -4.136251176539459493e+02 -4.311637790393644423e+02 -4.162765407679934242e+02 -4.133626671168262874e+02 -4.172814087109777006e+02 -4.201366914323278934e+02 -4.283781629536336482e+02 -2.311128780817647566e+03
-4.265901896161021796e+02 -4.190735639525757961e+02 -4.274308608166646763e+02 -4.267542942551625629e+02 -4.161874622131095975e+02 -4.180951714597940168e+02 -4.246819741614698955e+02 -4.155100753145760564e+02 -4.171666034774412424e+02 -1.955281869516810957e+03
-4.161534711344316975e+02 -4.143212423622921960e+02 -4.142921871360485966e+02 -4.151942409278657351e+02 -4.143014253163638614e+02 -4.172119443119221387e+02 -4.171233595958291289e+02 -4.142129247893393540e+02 -4.161689808393842895e+02 -2.562922758700623945e+03
-4.161652817344719324e+02 -4.152742012243275553e+02 -4.142230287877748651e+02 -4.162660858403732504e+02 -4.197636355242347008e+02 -4.151924197892034272e+02 -4.152765742753709901e+02 -4.143845052088316265e+02 -4.151978479915163120e+02 -2.358956051046709035e+03
-4.284137353980618172e+02 -4.274021911656130897e+02 -4.161915755425777661e+02 -4.422212924105305092e+02 -4.264609544109910644e+02 -4.181287135679696121e+02 -4.151936104234573577e+02 -4.171566110463224959e+02 -4.219051510123429125e+02 -1.583815928584277344e+03
-4.171496347109215321e+02 -4.161665760696827192e+02 -4.161683140673520711e+02 -4.135439935318987068e+02 -4.143776544174450009e+02 -4.265217170684879875e+02 -4.161864499829801503e+02 -4.152026039984604040e+02 -4.171414227805354926e+02 -2.788178726682546767e+03
-4.181510979361065097e+02 -4.190693064109783563e+02 -4.385362194906805371e+02 -4.181044773387214946e+02 -4.293687132361693557e+02 -4.169139055748289593e+02 -4.210259268869922948e+02 -4.176685597946177495e+02 -4.191046990291698080e+02 -6.508508110586986959e+02
-4.152776542360870735e+02 -4.171490924677201519e+02 -4.162320696993769502e+02 -4.181066465046214944e+02 -4.161581127270774232e+02 -4.218022553262229053e+02 -4.274575113174748253e+02 -4.161766995107799403e+02 -4.256331925972356771e+02 -2.568510336798197386e+03
-4.331109554406224333e+02 -4.143951301081812062e+02 -4.181666190780744046e+02 -4.135528082651316026e+02 -4.143953222101444567e+02 -4.152128954009635891e+02 -4.162820361765163852e+02 -4.163063350923346206e+02 -4.161957487175055803e+02 -2.965705554400175060e+03
-4.236566126741748235e+02 -4.172201497311581875e+02 -4.142249777263179453e+02 -4.247375370297277186e+02 -4.163053633853415931e+02 -4.125648123142282202e+02 -4.173546590267500278e+02 -4.256882834566966380e+02 -4.181178817699554315e+02 -1.415054938696849604e+03
-4.174335173655459243e+02 -4.163892877060121123e+02 -4.190825609161092302e+02 -4.181581744157948606e+02 -4.161773639089057610e+02 -4.171581949256246844e+02 -4.201101040933239119e+02 -4.117796224774737084e+02 -4.171127715221793437e+02 -2.309097496435359972e+03
-4.171464963233616459e+02 -4.152151976166176155e+02 -4.161974751993710129e+02 -4.147327963414730334e+02 -4.171478930812469343e+02 -4.171769802276509154e+02 -4.181729940126496103e+02 -4.182175145142223869e+02 -4.328577404318789945e+02 -1.408869359380070136e+03
-4.285528229074644742e+02 -4.165819612143157542e+02 -4.162587950569719624e+02 -4.293771634345570192e+02 -4.171494404754841980e+02 -4.152874091459337365e+02 -4.276396198143207243e+02 -4.144213265936818402e+02 -4.144517441770061055e+02 -1.954820152015996655e+03
-4.247338252736659570e+02 -4.116419562459432768e+02 -4.153898840154206482e+02 -4.142991272426730802e+02 -4.142239113427959865e+02 -4.215050890056055550e+02 -4.135688087548726344e+02 -4.142354395561906699e+02 -4.328194517770419907e+02 -3.344255641756778004e+03
-4.181231548070221606e+02 -4.152948082459732859e+02 -4.274221325646764740e+02 -4.161964356042934696e+02 -4.181272176246285426e+02 -4.181017386818981549e+02 -4.157154997032602068e+02 -4.163667740834397364e+02 -4.181206543059328169e+02 -1.322207251310444008e+03
-4.161929479484984427e+02 -4.154856149442998685e+02 -4.152646991387539401e+02 -4.184185401938752875e+02 -4.190990273236739085e+02 -4.274564628003486177e+02 -4.182365474365412865e+02 -4.172101860865970480e+02 -4.181114800794233588e+02 -2.308193453003455488e+03
-4.181458328701947949e+02 -4.142240162481763264e+02 -4.171667164012205262e+02 -4.172398477258653884e+02 -4.161771382474628354e+02 -4.171497578525425070e+02 -4.284599155519315445e+02 -4.152649424996024550e+02 -4.265363769374311005e+02 -2.310030180336445937e+03
-4.347655967354319273e+02 -4.162868675899746336e+02 -4.146100349947362247e+02 -4.182429683967420715e+02 -4.171505283235610477e+02 -4.274449937203869467e+02 -4.283638133503187078e+02 -4.161686729795522410e+02 -4.163820092544086719e+02 -1.499098656980200985e+03
-4.161582736611904352e+02 -4.235408496377277743e+02 -4.217598430711356059e+02 -4.181104892268488129e+02 -4.142875264144396965e+02 -4.181107816434365532e+02 -4.366095024463562027e+02 -4.161836788057962622e+02 -4.329441320705761882e+02 -2.635046808346895887e+03
-4.172334578298928136e+02 -4.172466259445685637e+02 -4.181477849411672878e+02 -4.191994453405842478e+02 -4.171698249156441989e+02 -4.191547131796423287e+02 -4.211065318908483164e+02 -4.171863072681146605e+02 -4.404836673089797046e+02 -1.962691912275924551e+03
-4.275341870493519991e+02 -4.173223207283635361e+02 -4.190950852813849679e+02 -4.143920902985165071e+02 -4.346683402621526398e+02 -4.171472512957581102e+02 -4.358338041120388766e+02 -4.161656289667157580e+02 -4.161722108325287763e+02 -2.115430889768310863e+03
-4.152018268075532887e+02 -4.123541037993032887e+02 -4.152075049944844523e+02 -4.142269459679828856e+02 -4.161669862849069546e+02 -4.161528958545716819e+02 -4.326074548038656076e+02 -4.124566012777971196e+02 -4.087705378512840753e+02 -2.942080392529477194e+03
-4.329473794197007237e+02 -4.152969726076917141e+02 -4.172581064414414982e+02 -4.247395804403986403e+02 -4.142238296349777329e+02 -4.144869175589957422e+02 -4.107529153180578874e+02 -4.171594657808418560e+02 -4.162827132688358915e+02 -1.313506183973565385e+03
-4.151937475299342850e+02 -4.134113393221544470e+02 -4.151895321947350794e+02 -4.265554431940436189e+02 -4.171505049863768022e+02 -4.151965302713851997e+02 -4.151961756260825496e+02 -4.161755123062437178e+02 -4.152787239617450155e+02 -2.637571611783632761e+03
-4.175594263416776357e+02 -4.190780769231116096e+02 -4.220451260064567691e+02 -4.404124172316763293e+02 -4.296895455036956832e+02 -4.191106746140229689e+02 -4.303096698491691541e+02 -4.182448601449100920e+02 -4.293155655996620794e+02 -1.220391581387757924e+03
-4.173376425596028412e+02 -4.125498640287293028e+02 -4.204411637466378124e+02 -4.303969104444281584e+02 -4.191254874831614643e+02 -4.190853725958668861e+02 -4.162565198567970697e+02 -4.181636821721860429e+02 -4.200638430055161052e+02 -1.230510814983291311e+03
-4.287154673211335307e+02 -4.191562608102217382e+02 -4.498745153417019083e+02 -4.219575535014770935e+02 -4.210179507391922016e+02 -4.190867034641337341e+02 -4.305478707775340013e+02 -4.201302415610694538e+02 -4.304940192690543768e+02 -6.300552182317165943e+02
-4.171512576401253227e+02 -4.171597700619190618e+02 -4.181307311705150482e+02 -4.161853272333878522e+02 -4.183889065810229795e+02 -4.171695902437782024e+02 -4.162664166815728777e+02 -4.153571189564778479e+02 -4.134037685108437472e+02 -2.797918640359304845e+03
-4.143979313925594283e+02 -4.171159510604512661e+02 -4.143028057100958677e+02 -4.171605496006350222e+02 -4.256166214083957584e+02 -4.135502174473441528e+02 -4.152414239158975988e+02 -4.190688254940379238e+02 -4.143142525286223758e+02 -2.044307447923215477e+03
-4.182494669288557816e+02 -4.172317074276567155e+02 -4.164786092894819944e+02 -4.246054442309488763e+02 -4.181147739310253542e+02 -4.161693600824729629e+02 -4.275073947061882791e+02 -4.151878141219308418e+02 -4.051348737892791405e+02 -2.220034278545904726e+03
-4.182459112407556745e+02 -4.172964574281750174e+02 -4.202084231788563784e+02 -4.181212492791521527e+02 -4.219981460074184838e+02 -4.332812485349346616e+02 -4.297506943914448243e+02 -4.332706991799066145e+02 -4.305254651065574194e+02 -1.232145538083065730e+03
-4.171359937494638075e+02 -4.161849067247441099e+02 -4.162717551916890102e+02 -4.162574812627951815e+02 -4.162981426958675684e+02 -4.142350172924958542e+02 -4.254859600983436394e+02 -4.161711016462710404e+02 -4.153864415111521566e+02 -3.310056592771194119e+03
-4.171673943288534474e+02 -4.152761319527450610e+02 -4.456301099978753655e+02 -4.143326276978795590e+02 -4.285420842631233427e+02 -4.172549798139451696e+02 -4.182276365937703986e+02 -4.153856575921440140e+02 -4.161832780011109207e+02 -1.691904580464539549e+03
-4.142235161100561527e+02 -4.132423567664619668e+02 -4.142328807976928715e+02 -4.246027160116327650e+02 -4.142258749462302490e+02 -4.143243846770899381e+02 -4.161763499360810101e+02 -4.133246810881180977e+02 -4.097991716659875010e+02 -2.953102769571847148e+03
-4.190008875703557578e+02 -4.133955119411649548e+02 -4.161878504773295617e+02 -4.153688367047848828e+02 -4.366728708710689943e+02 -4.275007726391820597e+02 -4.162641021691177912e+02 -4.171492118061846668e+02 -4.171386858007123237e+02 -2.561565349118534414e+03
-4.181358634386809854e+02 -4.293347698303940092e+02 -4.365740863276243999e+02 -4.181262582061085027e+02 -4.162439544223828989e+02 -4.285518836537363541e+02 -4.562268119771535453e+02 -4.200643684266863147e+02 -4.192011532497573967e+02 -1.782716986750638625e+03
-4.190997887281603766e+02 -4.171504146658407990e+02 -4.154031592063342373e+02 -4.152956033725104135e+02 -4.165899342643069758e+02 -4.181322276195174936e+02 -4.532663881150884890e+02 -4.171563358314014067e+02 -4.200642514275745043e+02 -1.783214139165590495e+03
-4.200824175167364274e+02 -4.210300686590582018e+02 -4.183332790321017569e+02 -4.423161856038036603e+02 -4.377105066121191044e+02 -4.196274377660259916e+02 -4.155237691800464859e+02 -4.174026834524709102e+02 -4.182097512937850752e+02 -8.293764433473652389e+02
-4.274804985890161788e+02 -4.293058922308816818e+02 -4.151923329634554989e+02 -4.161787936167753514e+02 -4.172281714334731078e+02 -4.181830401525888874e+02 -4.171418593329684654e+02 -4.161862591701265615e+02 -4.142323982176984032e+02 -2.483281782657395979e+03
-4.152007477970678337e+02 -4.162370111370932477e+02 -4.163303735004355985e+02 -4.171502616326815769e+02 -4.171395974611883730e+02 -4.152840528550050294e+02 -4.236278404684637735e+02 -4.152761536496502686e+02 -4.162524256923176722e+02 -2.194250700843548202e+03
-4.171605953201359966e+02 -4.171434608057506352e+02 -4.245629334330307643e+02 -4.143050499528636692e+02 -4.162788661593219786e+02 -4.190611798687161240e+02 -4.143234031766421595e+02 -4.162760267539836150e+02 -4.143213889646353323e+02 -2.888804111650253162e+03
-4.185032618582128521e+02 -4.191227509277459831e+02 -4.162501427222885013e+02 -4.200624738118654591e+02 -4.201198575605633323e+02 -4.313906676090854262e+02 -4.192187519952009325e+02 -4.229465132179709030e+02 -4.173283869155090429e+02 -1.886009706342334766e+03
-4.200637137415541247e+02 -4.162748903862844827e+02 -4.285917058036710046e+02 -4.190665149490932890e+02 -4.181570942521912571e+02 -4.162676854130313018e+02 -4.181194213351691360e+02 -4.180776494850982203e+02 -4.190964477658213241e+02 -2.727449008479230088e+03
-4.152192593303625472e+02 -4.190650519499782831e+02 -4.200578475777373910e+02 -4.404070277019533819e+02 -4.171654030711738415e+02 -4.183274554238196288e+02 -4.182128941058472833e+02 -4.181571446758115371e+02 -4.210738267313745382e+02 -1.318761613586184467e+03
-4.133500586439939752e+02 -4.132327067568718917e+02 -4.151759581681477584e+02 -4.142164603710209576e+02 -4.132320290755440055e+02 -4.151938708679183492e+02 -4.115146341557363030e+02 -4.133362929261564318e+02 -4.217204323881560413e+02 -3.228254509466155469e+03
-4.152797054616386276e+02 -4.191016117614465770e+02 -4.200823035705943198e+02 -4.181909387801243270e+02 -4.192535312399068630e+02 -4.172482392138092564e+02 -4.293798587956547408e+02 -4.283680383901531741e+02 -4.276245318633237957e+02 -1.412007641066886663e+03
-4.155276127864328828e+02 -4.247035452651453511e+02 -4.245340839659235712e+02 -4.163455187243682190e+02 -4.182195981391408282e+02 -4.172759377620074019e+02 -4.152120589768953778e+02 -4.153591715633242529e+02 -4.165966821385691219e+02 -2.318403921397200520e+03
-4.190944442638423766e+02 -4.161444146692336403e+02 -4.172184890948603879e+02 -4.266030855520425575e+02 -4.502589329803970486e+02 -4.133404095602693928e+02 -4.153047624413075596e+02 -4.161688531918570106e+02 -4.162955227335880295e+02 -1.781610450102063169e+03
-4.285802510305326223e+02 -4.162781043863725472e+02 -4.161773087837586331e+02 -4.171698741005228044e+02 -4.266416221821132808e+02 -4.172383841374175404e+02 -4.200619669621775074e+02 -4.143859713528124757e+02 -4.184118877687144504e+02 -2.559667975104598554e+03
-4.337654150523116527e+02 -4.267380020302328489e+02 -4.162766735306573196e+02 -4.292932982314493415e+02 -4.182248497586768963e+02 -4.275439492614395931e+02 -4.190871268222906565e+02 -4.284494976637031414e+02 -4.172367843230523476e+02 -2.052627094214009503e+03
-4.255002221173479029e+02 -4.153089294400334097e+02 -4.181122253528325245e+02 -4.135756359690274735e+02 -4.235988799528445270e+02 -4.152686451870860083e+02 -4.152894156676165380e+02 -4.162969434013846239e+02 -4.164284698156369018e+02 -2.401477781706311362e+03
-4.313069794116772755e+02 -4.192291191957380647e+02 -4.190662254870979382e+02 -4.202606603291274041e+02 -4.204473766311709824e+02 -4.191723286351736988e+02 -4.181663609112530366e+02 -4.288932918566696344e+02 -4.190786359629335607e+02 -1.242020538183441204e+03
-4.484790384807466808e+02 -4.153512706400755405e+02 -4.162398637864659463e+02 -4.162494822382032567e+02 -4.143155367001519380e+02 -4.142224373802566788e+02 -4.143212011748904615e+02 -4.172474192569488878e+02 -4.171691776431891867e+02 -2.787243153505162354e+03
-4.426628279293941546e+02 -4.143048563596053668e+02 -4.181118562679769184e+02 -4.264482854942511949e+02 -4.256929739140831543e+02 -4.142280579803360752e+02 -4.181015784270374525e+02 -4.161778298077608156e+02 -4.161929874108856211e+02 -2.308823072859384865e+03
-4.320677398616475102e+02 -4.143144095897673083e+02 -4.133119979874543333e+02 -4.162789271438288097e+02 -4.152023410294425503e+02 -4.236243764829926022e+02 -4.152853758649777660e+02 -4.171396821280511631e+02 -4.171366570084527439e+02 -2.544106760145541102e+03
-4.152047153964505242e+02 -4.143237111098104606e+02 -4.162581515696301722e+02 -4.143279529633577454e+02 -4.182189727667535522e+02 -4.144021654347566255e+02 -4.274162268071068524e+02 -4.161885094122930582e+02 -4.125682471856691222e+02 -2.222179753348948452e+03
-4.210262167480685775e+02 -4.183626830303562656e+02 -4.190930570088870013e+02 -4.191616974926186003e+02 -4.175417071489990803e+02 -4.295164993447268671e+02 -4.172766608836861906e+02 -4.210470532298767807e+02 -4.202431442532299570e+02 -1.873538859130582978e+03
-4.161797020540095673e+02 -4.236513038820883139e+02 -4.151957224893440639e+02 -4.143582728688438692e+02 -4.162274955898967050e+02 -4.133155945015925568e+02 -4.355582808475858769e+02 -4.161785117001184062e+02 -4.135856988602949968e+02 -2.816627818023098371e+03
-4.181119690505597646e+02 -4.182424711848994434e+02 -4.172541927634624699e+02 -4.172510290078853927e+02 -4.201821610978263948e+02 -4.172319199405772565e+02 -4.174443562775488772e+02 -4.191078373647955004e+02 -4.304839868380810231e+02 -1.964050246951447207e+03
-4.154010276483337520e+02 -4.258727846969912889e+02 -4.235559845107684964e+02 -4.180769237562128069e+02 -4.162077046038992876e+02 -4.294863559513390783e+02 -4.183004330510485715e+02 -4.152149691977459156e+02 -4.161754810325596736e+02 -2.481361652708430029e+03
-4.172543506495893553e+02 -4.403444252842868991e+02 -4.180849708201276940e+02 -4.276368838487420021e+02 -4.161805091545582513e+02 -4.152990134984678434e+02 -4.285064635871717087e+02 -4.163513788929780048e+02 -4.192864142150887119e+02 -2.395571662471615127e+03
-4.161847248362950040e+02 -4.228514439414967683e+02 -4.144383737540567836e+02 -4.264607618852469386e+02 -4.151968980670526435e+02 -4.181192698106623311e+02 -4.163166576675747592e+02 -4.162393880551111351e+02 -4.162327055955967126e+02 -2.510991479127020739e+03
-4.192009711722178622e+02 -4.210071542046247259e+02 -4.181909828019545330e+02 -4.175104627980832674e+02 -4.162392711548090460e+02 -4.274743753075682662e+02 -4.386426098383549856e+02 -4.155204555208720762e+02 -4.181253512280068207e+02 -1.507064425000302890e+03
-4.220178931078168603e+02 -4.203312991332729212e+02 -4.219449205370120808e+02 -4.191397133132817316e+02 -4.193553088152341388e+02 -4.219809939793485114e+02 -4.191922867670924688e+02 -4.444753650743479625e+02 -4.303664389816157723e+02 -1.030153512767093389e+03
-4.293670538210845962e+02 -4.135146959863779443e+02 -4.181177506029185906e+02 -4.137568237829761983e+02 -4.162587480132582982e+02 -4.183169732339433153e+02 -4.152254071899924384e+02 -4.181286245647868896e+02 -4.171699775590270747e+02 -2.142557097927259292e+03
-4.200535196076718876e+02 -4.163412013716090883e+02 -4.182026154846752206e+02 -4.173462456506539411e+02 -4.173207888742459772e+02 -4.191905695369263753e+02 -4.181396905864459086e+02 -4.172252946088445924e+02 -4.171498010754726238e+02 -2.900590507598787553e+03
-4.276697379689675245e+02 -4.181298839460848171e+02 -4.386549088657117181e+02 -4.200522789933600052e+02 -4.183427583572132562e+02 -4.201455550016296456e+02 -4.523838431501728792e+02 -4.181469269411889513e+02 -4.174607482452111640e+02 -1.221671976344618770e+03
-4.161743562715242319e+02 -4.134155918322617254e+02 -4.181211033145092415e+02 -4.190941177101698827e+02 -4.249891866581309046e+02 -4.161976062473134448e+02 -4.154929797232461510e+02 -4.171568788048240322e+02 -4.153483158642164881e+02 -2.566011139691006974e+03
-4.181394429158719959e+02 -4.163589144674786553e+02 -4.397820641505732056e+02 -4.275669655654386361e+02 -4.181666922581576955e+02 -4.153846735161787933e+02 -4.180888796453666600e+02 -4.182174811177263791e+02 -4.162284488143994849e+02 -3.051886938045091483e+03
-4.397240750761237109e+02 -4.192062494373944901e+02 -4.190864222397844401e+02 -4.246212347355967722e+02 -4.181321517872717095e+02 -4.181147185172529817e+02 -4.171595556444464705e+02 -4.283931720175539226e+02 -4.181324330963960847e+02 -1.417244185649958126e+03
-4.172043321394200461e+02 -4.171475728287734910e+02 -4.161830287985536074e+02 -4.143041374402095585e+02 -4.143233300729460780e+02 -4.235527119910948386e+02 -4.137230132766973156e+02 -4.246994478641429396e+02 -4.245953821472447203e+02 -2.805923647657374659e+03
-4.229422571564466580e+02 -4.229487236632494955e+02 -4.257749776070651819e+02 -4.293650289855058304e+02 -4.286821837755356910e+02 -4.144224207748127355e+02 -4.173487663694973548e+02 -4.200847494093746946e+02 -4.200214170737571635e+02 -1.028426857964711189e+03
-4.161747573910411688e+02 -4.171500417826519538e+02 -4.171505956494402199e+02 -4.181137824619958110e+02 -4.182207330379993664e+02 -4.236254096512288925e+02 -4.143068986658830681e+02 -4.171771033961668991e+02 -4.134208135256866967e+02 -2.725919143816380711e+03
-4.161865176072732311e+02 -4.152757543546787247e+02 -4.171544220103984912e+02 -4.258748997199087398e+02 -4.171659899481882121e+02 -4.172476350156744047e+02 -4.161852396284149904e+02 -4.239173396191142729e+02 -4.174174532295026552e+02 -2.644737639575370849e+03
-4.181196830714178532e+02 -4.152674695177367994e+02 -4.152032765269168522e+02 -4.181285596905524926e+02 -4.338649349640516562e+02 -4.162246507348630757e+02 -4.183170638425340258e+02 -4.144324340500801895e+02 -4.181270820572489697e+02 -1.690842861769415322e+03
-4.171673051770473535e+02 -4.402816236579208748e+02 -4.161952528903926236e+02 -4.312125652765399764e+02 -4.357311660973948619e+02 -4.172423477392308087e+02 -4.181226171022656786e+02 -4.162774333069070849e+02 -4.293547628162662022e+02 -1.427965186767106616e+03
-4.164008749609373581e+02 -4.367576564247157194e+02 -4.581928037922255044e+02 -4.284291893276625274e+02 -4.162487546786935582e+02 -4.191001008737307529e+02 -4.163668734934029771e+02 -4.161854910742452489e+02 -4.154364892262903481e+02 -9.266689391298212968e+02
-4.181273856995479150e+02 -4.275018074875822549e+02 -4.181853548380608459e+02 -4.161782180205797204e+02 -4.143212169585647189e+02 -4.142291573099109883e+02 -4.294810906890667184e+02 -4.161873824106442612e+02 -4.181383130499224308e+02 -3.408532617231729546e+03
-4.523742204683551904e+02 -4.192881414218902023e+02 -4.191998632335238995e+02 -4.294409998651635760e+02 -4.190766503673342527e+02 -4.200649641219920341e+02 -4.153632351148065140e+02 -4.192635408553761636e+02 -4.191061217128702765e+02 -7.455013694773564339e+02
-4.254655034554835424e+02 -4.135782906785630075e+02 -4.181323807215210309e+02 -4.172436448232069779e+02 -4.201351497617062023e+02 -4.172901335933423184e+02 -4.171254702823332536e+02 -4.171947028146698813e+02 -4.143521503046740690e+02 -3.119143547834901256e+03
-4.154273841527837590e+02 -4.152976114782289301e+02 -4.153145870695318536e+02 -4.267940991565704962e+02 -4.171618039176567549e+02 -4.142273053582221110e+02 -4.143606667744883794e+02 -4.191869265863228406e+02 -4.171475841270743672e+02 -2.878144979574005447e+03
-4.277344703342504886e+02 -4.258967276757748550e+02 -4.181269406996448765e+02 -4.154974495118210029e+02 -4.162794402801249021e+02 -4.361377274096708447e+02 -4.285494383840006094e+02 -4.191108560701557622e+02 -4.181467242783240295e+02 -1.502760057086392862e+03
-4.152147057977907139e+02 -4.181349860930582167e+02 -4.293823964733943512e+02 -4.153564512017365473e+02 -4.171413195032619683e+02 -4.163386760458874960e+02 -4.200754513463001558e+02 -4.171782541587873538e+02 -4.266536756032537596e+02 -2.646768801916996836e+03
-4.248558946477881477e+02 -4.236982022308573050e+02 -4.145232338155245770e+02 -4.367516877784077565e+02 -4.181255266989546158e+02 -4.181133170381457376e+02 -4.096861837619686639e+02 -4.152035513068684622e+02 -4.142322891724290912e+02 -2.639998659496653090e+03
-4.192195293954837894e+02 -4.181656123803021501e+02 -4.306574348393696710e+02 -4.396814957474205698e+02 -4.314925032492002401e+02 -4.513252713814451340e+02 -4.162957485238836739e+02 -4.162694790924233530e+02 -4.182590336937288384e+02 -1.513458472625653940e+03
-4.181177787075019410e+02 -4.286394493216619708e+02 -4.181296887092337329e+02 -4.192285281623458673e+02 -4.229520240609405164e+02 -4.200821519936295090e+02 -4.202688844744508287e+02 -4.321854857432688846e+02 -4.190958438323455653e+02 -1.694262105915321854e+03
-4.171388497642945481e+02 -4.151881166329549728e+02 -4.142032670153850518e+02 -4.144625042757456868e+02 -4.162522526181961098e+02 -4.161747932998258648e+02 -4.152692312407025952e+02 -4.143048778448794565e+02 -4.144041179622673781e+02 -2.551161744255497524e+03
-4.181255245339342537e+02 -4.182889481156009310e+02 -4.173280621522864067e+02 -4.200725135621198660e+02 -4.294988810273700892e+02 -4.293967952883003818e+02 -4.191195207957139814e+02 -4.210271807940647477e+02 -4.181754568987151401e+02 -1.972681447887973036e+03
-4.384669640073180972e+02 -4.294357849967818765e+02 -4.163039199720807915e+02 -4.172276380767000887e+02 -4.136585201701314531e+02 -4.183344527459432243e+02 -4.135657253395883117e+02 -4.190806083930788191e+02 -4.255153506941458090e+02 -1.589658312592305720e+03
-4.152974670590678556e+02 -4.172268614097800423e+02 -4.142252939497428770e+02 -4.162630035592322884e+02 -4.152962227048438990e+02 -4.374704767025723413e+02 -4.153760263626853089e+02 -4.190830930134308119e+02 -4.152972121320985934e+02 -2.902443612747621955e+03
-4.164420944147977934e+02 -4.171714123954388356e+02 -4.171695188464125295e+02 -4.190926914727622261e+02 -4.116610730366103326e+02 -4.176041521633522962e+02 -4.191129754436994403e+02 -4.162768826662465926e+02 -4.293316295351089025e+02 -2.312569271389924324e+03
-4.181188655091989972e+02 -4.161612036805780122e+02 -4.152969000212369224e+02 -4.153868163863454015e+02 -4.161778468668322830e+02 -4.151976977115309637e+02 -4.153849627979699335e+02 -4.162293897127530045e+02 -4.284868835981356483e+02 -2.284873586058236924e+03
-4.182766928941085212e+02 -4.162682379894667406e+02 -4.153946736329206146e+02 -4.200627661024124109e+02 -4.190907689411436650e+02 -4.192422753780189169e+02 -4.165286734521088192e+02 -4.171552250074209383e+02 -4.152258306873874290e+02 -1.415491322614283490e+03
-4.200744174123647099e+02 -4.190998813558892380e+02 -4.161783097404754699e+02 -4.172363596869751632e+02 -4.285251511092062060e+02 -4.190739394632862513e+02 -4.163738274218670767e+02 -4.190919497294183884e+02 -4.293498467810887291e+02 -2.479182098855673303e+03
-4.229010029057112661e+02 -4.259189778146746335e+02 -4.181295784954071451e+02 -4.487839423680147775e+02 -4.210238081578979745e+02 -4.173218709130671868e+02 -4.312717189639608932e+02 -4.193153137262880819e+02 -4.200693336481768938e+02 -1.123864836151019745e+03
-4.394969128393298661e+02 -4.254821889599364795e+02 -4.283515083112173443e+02 -4.171838714353935984e+02 -4.295870583611571192e+02 -4.173596668700252508e+02 -4.293180924652194790e+02 -4.182205222521976111e+02 -4.171765181720731448e+02 -2.317541462088343451e+03
-4.124364369156659791e+02 -4.133236429589077261e+02 -4.154090219332895231e+02 -4.181111398118245575e+02 -4.152072900651692748e+02 -4.171559507424825597e+02 -4.171500517641909482e+02 -4.336973040076549069e+02 -4.273439566316909577e+02 -2.391643232089364119e+03
-4.256030651335631205e+02 -4.181366428906810029e+02 -4.191260934216969076e+02 -4.294247056257025861e+02 -4.314036292776097525e+02 -4.164519042573861043e+02 -4.172914661560110972e+02 -4.171390158792052603e+02 -4.164019655480524307e+02 -2.648251349674524135e+03
-4.181992555948879158e+02 -4.119243004579460035e+02 -4.171677385815900720e+02 -4.181300361710477773e+02 -4.151931053967006733e+02 -4.162602077646405405e+02 -4.173524516775841562e+02 -4.171410258757637166e+02 -4.152842490869699077e+02 -2.888550327622133409e+03
-4.161938371192728710e+02 -4.181310283079519081e+02 -4.254710589748910365e+02 -4.275119644779655346e+02 -4.294660128168383153e+02 -4.190776237655154546e+02 -4.312736287553919965e+02 -4.182840067327241513e+02 -4.172535583054806807e+02 -2.560766320569313848e+03
-4.200682748604410790e+02 -4.184297144040749572e+02 -4.211162755692435553e+02 -4.303597595713483770e+02 -4.201305779710509682e+02 -4.312918140149525357e+02 -4.201101031668539463e+02 -4.182652651453815338e+02 -4.138201043904579137e+02 -6.617055838932294591e+02
-4.172871951772829107e+02 -4.106607507876904606e+02 -4.266619850047526370e+02 -4.153365257006918227e+02 -4.171563501279708817e+02 -4.105721399138747074e+02 -4.161550784658845714e+02 -4.143045793058313393e+02 -4.142260934691219063e+02 -1.695782715850152726e+03
-4.229447631552197890e+02 -4.182170514887212676e+02 -4.210047524333568845e+02 -4.190997237673785207e+02 -4.331750950978731680e+02 -4.126568690612949695e+02 -4.181398191766908212e+02 -4.201033976494746867e+02 -4.210722249816335534e+02 -7.536244816743082993e+02
-4.171697821715681016e+02 -4.162569660746683553e+02 -4.172368686884041153e+02 -4.172308320934976678e+02 -4.162027156757089870e+02 -4.134510907340946346e+02 -4.162946390237520404e+02 -4.136419831670951339e+02 -4.153420652301935547e+02 -1.788800181290444243e+03
-4.191775592946278266e+02 -4.302617757419529880e+02 -4.293733797742310117e+02 -4.386170326603857461e+02 -4.190940165776083290e+02 -4.172475647641102228e+02 -4.172274695939520370e+02 -4.174393244192450538e+02 -4.285600992522699926e+02 -9.259505459245758630e+02
-4.247270231184124896e+02 -4.142246104302341791e+02 -4.115346390172959445e+02 -4.254780495030314569e+02 -4.132135746789912787e+02 -4.151868482855787761e+02 -4.151972020748270324e+02 -4.317959332249751014e+02 -4.151875627976277201e+02 -2.638834201590264001e+03
-4.220062416882142315e+02 -4.229498859483780961e+02 -4.296232340595302048e+02 -4.192338634051092754e+02 -3.262903670055918610e+02 -4.211048393949140518e+02 -3.301098531187474237e+02 -3.274361368389938889e+02 -4.191807809850400304e+02 -4.219784256855502917e+02
-4.236414262314858661e+02 -4.162349406079608798e+02 -4.152284240758341411e+02 -4.142752373545112050e+02 -4.151941959402561793e+02 -4.207431719897052744e+02 -4.143129763082481531e+02 -4.161683697501146639e+02 -4.255833910697168676e+02 -3.050370696295617563e+03
-4.133436198218320214e+02 -4.133628079975697460e+02 -4.171326751153544592e+02 -4.152582698913662398e+02 -4.153553326937312704e+02 -4.142201609403184079e+02 -4.162437396428261991e+02 -4.293182336717135286e+02 -4.171485608052042835e+02 -2.234048445251061366e+03
-4.151956852546049959e+02 -4.152987721973051976e+02 -4.151692943305158110e+02 -4.153828212080493358e+02 -4.152209665975981352e+02 -4.162683850415160123e+02 -4.142234595237538315e+02 -4.171466362692524399e+02 -4.162504117430625570e+02 -2.547220345792467924e+03
-4.181385857974681812e+02 -4.162797568447285244e+02 -4.274860008920425685e+02 -4.182089201878736731e+02 -4.423659236883411836e+02 -4.698000695476815736e+02 -4.181297355993766018e+02 -4.181187665631155710e+02 -4.153881743304436327e+02 -1.957895015492798848e+03
-4.256132041547905942e+02 -4.181226754256162508e+02 -4.265403840763196399e+02 -4.161853300650807341e+02 -4.171887584749913458e+02 -4.171546682433757383e+02 -4.200525398902483403e+02 -4.293895435667552647e+02 -4.162789900369206180e+02 -2.399873668582171831e+03
-4.266081839751112170e+02 -4.310655350417717386e+02 -4.173560328228230674e+02 -4.135297030279796218e+02 -4.162558555395189615e+02 -4.303887138002129404e+02 -4.166074842433982326e+02 -4.151992121366261586e+02 -4.135225681962299404e+02 -1.774588148889215063e+03
-4.174191561860598085e+02 -4.171506961190426637e+02 -4.153042707842905088e+02 -4.162793608738929834e+02 -4.191165299340421484e+02 -4.172798982185025807e+02 -4.191551966766152759e+02 -4.152143832059902024e+02 -4.173344441972941468e+02 -2.122108533447490117e+03
-4.171667377606347600e+02 -4.162681105631138507e+02 -4.143230458410458823e+02 -4.327561673419224917e+02 -4.152820726415216654e+02 -4.181991008854439542e+02 -4.171374093981610827e+02 -4.267029449592470769e+02 -4.162519377983645654e+02 -1.875789937231122167e+03
-4.181383757223290445e+02 -4.274793745323576104e+02 -4.181278900992843433e+02 -4.165595364180259139e+02 -4.164445602299912821e+02 -4.154121329551825283e+02 -4.266531496657841558e+02 -4.172480962922425078e+02 -4.202404360170169184e+02 -2.535883433194736426e+03
-4.164291000087827683e+02 -4.152676245554230832e+02 -4.172667131491655823e+02 -4.162743333128389622e+02 -4.165242063223209357e+02 -4.163453394736167184e+02 -4.182460495250036843e+02 -4.153772754263838465e+02 -4.106036631479273638e+02 -3.047121559522636289e+03
-4.162664915197269693e+02 -4.142225266244306567e+02 -4.181019647159062060e+02 -4.226540636473790755e+02 -4.152487123441179051e+02 -4.143217604567420267e+02 -4.161835375445998579e+02 -4.162731440572634938e+02 -4.143218513923723094e+02 -3.645569703066916645e+03
-1.043692856620651952e+02 3.777047131338603094e+02 0.000000000000000000e+00 0.000000000000000000e+00 0.000000000000000000e+00 -1.043709297024872740e+02 0.000000000000000000e+00 0.000000000000000000e+00 0.000000000000000000e+00 -4.803521777994026706e+03
-4.219725387756677151e+02 -4.171490212784910909e+02 -4.283970645707020140e+02 -4.164071696507025422e+02 -4.162856492007483098e+02 -4.293854713465594841e+02 -4.183176242013463479e+02 -4.175428185254278333e+02 -4.219481724296714447e+02 -2.480753398779711006e+03
-4.190739857653331342e+02 -4.215195306119435941e+02 -4.294414935324614930e+02 -4.144145489521714012e+02 -4.191085143577215035e+02 -4.393976774277882669e+02 -4.117191573832741369e+02 -4.116221093654061747e+02 -4.172389290609974637e+02 -2.223394189437135537e+03
-4.191852222227861375e+02 -4.172509323690317160e+02 -4.162031592354737199e+02 -4.312533468976737936e+02 -4.153878906702863105e+02 -4.171870471102515125e+02 -4.284195381434089995e+02 -4.190792325356017045e+02 -4.255993729862954069e+02 -1.338241691874126218e+03
-4.191409924504300193e+02 -4.210078416830355650e+02 -4.367238007860320863e+02 -4.275415798697060836e+02 -4.171777911544464814e+02 -4.200558801124730621e+02 -4.257681162870408116e+02 -4.173597800101996427e+02 -4.210378666229962619e+02 -1.690986937175726098e+03
-4.314135366091489345e+02 -4.331791797578858905e+02 -4.578738769584444412e+02 -4.191002893520036423e+02 -4.163664015123364948e+02 -4.200820815150278804e+02 -4.211199870815399890e+02 -4.303632656288073122e+02 -4.191212143543262982e+02 -9.303164640037763320e+02
-4.144058831408797801e+02 -4.171674757121732000e+02 -4.161760109404808077e+02 -4.142958233989558039e+02 -4.163305212518292819e+02 -4.152860578476088449e+02 -4.151959514357646412e+02 -4.172837381458000436e+02 -4.266398112450565918e+02 -3.422667409574996782e+03
-4.276401238161817560e+02 -4.182099689553803046e+02 -4.171678146418227016e+02 -4.201386156579361568e+02 -4.303845101896030201e+02 -4.190956890019460275e+02 -4.191807280972992089e+02 -4.293736227997088690e+02 -4.201735012022668911e+02 -1.412066973843281630e+03
-4.184542837511268090e+02 -4.191077402349616250e+02 -4.452994624186653709e+02 -4.431386486073988635e+02 -4.391175291077036036e+02 -4.191280614276461165e+02 -4.181359729925179636e+02 -4.286925143374832601e+02 -4.154584426637055685e+02 -1.330239067097996667e+03
-4.171514051861263397e+02 -4.181271768235851027e+02 -4.265558513154450111e+02 -4.171390785704730888e+02 -4.142925207330069952e+02 -4.275167703545538984e+02 -4.134240862554535170e+02 -4.172191766364663863e+02 -4.152765659282589468e+02 -2.618984605944149280e+03
-4.171739882789606213e+02 -4.283723480874699590e+02 -4.162848727714368806e+02 -4.164133522090137376e+02 -4.172149448593653460e+02 -4.422593521518342072e+02 -4.172401296174209619e+02 -4.172223447088674106e+02 -4.190858650852323990e+02 -1.506367374057744200e+03
-4.190840436791729644e+02 -4.620835583652695391e+02 -4.181404019747080270e+02 -4.267248379108417566e+02 -4.285088993997570697e+02 -4.284262523570245094e+02 -4.172364351569921723e+02 -4.181198332251157126e+02 -4.182410260635673467e+02 -1.318231587503681112e+03
-4.286452810615438125e+02 -4.181356361125992294e+02 -4.162238839139499760e+02 -4.181137586697345796e+02 -4.145514111081542410e+02 -4.151873487028439058e+02 -4.369204195473229788e+02 -4.162223067429119965e+02 -4.171445981707582291e+02 -2.956696319767566820e+03
-4.286618032306945452e+02 -4.172695318595795015e+02 -4.295801463183518081e+02 -4.181492754056770877e+02 -4.184584032791972277e+02 -4.181398229201412846e+02 -4.162851902978117096e+02 -4.190843852685185880e+02 -4.153045596168343536e+02 -1.784895161295759863e+03
-4.360925258590979752e+02 -4.219562645588359260e+02 -4.229826707610939138e+02 -4.220668514332608652e+02 -4.211018244363357894e+02 -4.340648601405135878e+02 -4.219439032257886879e+02 -4.343662604080885785e+02 -4.303866110561115761e+02 -1.232719286794239906e+03
-4.161613923413182761e+02 -4.143832218893339814e+02 -4.151970934347835964e+02 -4.153656402536255428e+02 -4.161695339076624123e+02 -4.151864083487850507e+02 -4.151945761500725780e+02 -4.143887652437967404e+02 -4.151958255764980095e+02 -3.230433245988714589e+03
-4.211288036274575006e+02 -4.190908902996447409e+02 -4.183229215412101212e+02 -4.163913524028335473e+02 -4.181415786421704865e+02 -4.154773497876244619e+02 -4.172151539533713276e+02 -4.191207532484910416e+02 -4.192828143138680730e+02 -2.560893542631683886e+03
-4.254700635417310082e+02 -4.135581621521472471e+02 -4.171411158875286560e+02 -4.273865482800713380e+02 -4.134863980802186347e+02 -4.152048355877409449e+02 -4.151949479569706227e+02 -4.132605883257908772e+02 -4.151865042548793099e+02 -2.860112748192757408e+03
-4.162776260771175885e+02 -4.171579799420387076e+02 -4.171491951199740242e+02 -4.209930990606093815e+02 -4.172385945108409260e+02 -4.219113250453441424e+02 -4.267372035893202451e+02 -4.171666311780968499e+02 -4.181802773118292862e+02 -2.077955622038625734e+03
-4.161682455249546138e+02 -4.152962498619014013e+02 -4.143773376976350278e+02 -4.218697163773630336e+02 -4.181303366421607279e+02 -4.152092714441948260e+02 -4.142244088471844634e+02 -4.227800861487990005e+02 -4.133043712760842823e+02 -3.345905653278118280e+03
-4.181112886116960681e+02 -4.172306941918349139e+02 -4.153754017553678750e+02 -4.171549655962400038e+02 -4.152308411132447077e+02 -4.172207410716965796e+02 -4.161684798783246606e+02 -4.192808525216703401e+02 -4.161944002894958885e+02 -2.041957713878159666e+03
-4.152767215745179783e+02 -4.107075014554627046e+02 -4.153086986117967285e+02 -4.152022274196997955e+02 -4.142948246508567536e+02 -4.161665137439209730e+02 -4.172538507586104970e+02 -4.236097597434007866e+02 -4.143069976304903435e+02 -2.935609580140537673e+03
-4.142343006488663946e+02 -4.161765311457854750e+02 -4.142370152272487758e+02 -4.143857361510511623e+02 -4.143234045193040060e+02 -4.151904267115309040e+02 -4.476318892105444434e+02 -4.161671105441072314e+02 -4.132329783696765730e+02 -2.395527959646458385e+03
-4.394164111426441650e+02 -4.171493896888420068e+02 -4.181328243482022913e+02 -4.357901443666424939e+02 -4.143246764263600426e+02 -4.171668638599238648e+02 -4.163913455303089108e+02 -4.172435285815375323e+02 -4.152542526589909926e+02 -2.311765730602924577e+03
-4.274371519516390663e+02 -4.172392066137304596e+02 -4.266097783726582975e+02 -4.191123391294431713e+02 -4.172289109148341026e+02 -4.183269354023226470e+02 -4.182277061816728292e+02 -4.161602632060647693e+02 -4.374678584982053167e+02 -1.968181312984278748e+03
-4.162594967602175302e+02 -4.151694383083162734e+02 -4.171482054582182286e+02 -4.152779393222076578e+02 -4.134387599493683751e+02 -4.161707364984034712e+02 -4.134397394831581778e+02 -4.171482480240338191e+02 -4.154672511668644574e+02 -2.034375606134689633e+03
-4.143328389952582711e+02 -4.124634943002986915e+02 -4.143220525736358582e+02 -4.256429073962881375e+02 -4.162915350367909468e+02 -4.181476231487070550e+02 -4.162581933340715068e+02 -4.181286675948101674e+02 -4.219336858071847587e+02 -2.135574847619911907e+03
-4.183314223614880802e+02 -4.220066019555164303e+02 -4.201354440376481989e+02 -4.322953922288542117e+02 -4.219955738049261527e+02 -4.210505115195240933e+02 -4.184293786259432864e+02 -4.191841306082022811e+02 -4.209911814829634977e+02 -1.024869389252642577e+03
-4.172391898423338148e+02 -4.161668555651334032e+02 -4.152020002255641771e+02 -4.162444654267756050e+02 -4.181016886347347281e+02 -4.181477054798925792e+02 -4.171783163116029982e+02 -4.134629729704900001e+02 -4.106150720566383256e+02 -2.702644075734006037e+03
-4.161836087324530808e+02 -4.181103317754919999e+02 -4.237813850482442604e+02 -4.226957919657137950e+02 -4.181265006261215831e+02 -4.264781257310169167e+02 -4.143139559150777131e+02 -4.162607649811031365e+02 -4.151843163608885448e+02 -2.395262291107198052e+03
-4.183267014788677329e+02 -4.153613091299368989e+02 -4.153652638106456152e+02 -4.171584260524547290e+02 -4.146036847269555210e+02 -4.474540489497327371e+02 -4.181294172110880254e+02 -4.255038561814739069e+02 -4.275050275315294925e+02 -2.296997543161213343e+03
-4.200873355680466261e+02 -4.191287664053729713e+02 -4.200473184148411292e+02 -4.192083726741007013e+02 -4.210266178484600914e+02 -4.171591500132611259e+02 -4.172319735329830337e+02 -4.200653680042981932e+02 -4.201516168894058865e+02 -1.611260569300284487e+03
-4.173753789014450035e+02 -4.172560662343119020e+02 -4.171226209275320684e+02 -4.210270444759315751e+02 -4.165974724411271382e+02 -4.191102384512507797e+02 -4.191388525486097478e+02 -4.182084414783953434e+02 -4.403872768961759903e+02 -1.696818747869878280e+03
-4.620521595323407951e+02 -4.171753165382699535e+02 -4.181149076762540062e+02 -4.403178962989427987e+02 -4.162317164208508302e+02 -4.152886836762823464e+02 -4.313615710925093936e+02 -4.183584526255646097e+02 -4.172351890245859636e+02 -1.848631814393668037e+03
-4.190925243992350033e+02 -4.190826906096353355e+02 -4.219554251817737622e+02 -4.191998114350438982e+02 -4.323305595318184942e+02 -4.191182082827906470e+02 -4.331523547031990802e+02 -4.191692567355891583e+02 -4.182273074535850128e+02 -1.693567787856471568e+03
-4.153486222686692599e+02 -4.136307897654492081e+02 -4.181269152312850110e+02 -4.200470447026312968e+02 -4.293905096688912408e+02 -4.292864355918951560e+02 -4.181275682076669113e+02 -4.171874581581042776e+02 -4.285402260776430694e+02 -2.221764924493614672e+03
-4.171681610863555534e+02 -4.171531622881790327e+02 -4.180944109367187593e+02 -4.151930783809422678e+02 -4.163926269349243512e+02 -4.172502609498041579e+02 -4.171421205556770246e+02 -4.145430697069543839e+02 -4.266739476464920244e+02 -2.728461547799734944e+03
-4.144548226570554448e+02 -4.274770049632677456e+02 -4.161580499517808676e+02 -4.161967860047969339e+02 -4.236602774683133248e+02 -4.156886299119337878e+02 -4.161827874545776922e+02 -4.143640847570919732e+02 -4.162224449160814856e+02 -2.540848206893887891e+03
-4.191080428471794903e+02 -4.174623887080250597e+02 -4.305341465993442398e+02 -4.181462387216901675e+02 -4.181393129363925709e+02 -4.294864652695883933e+02 -4.181661412197133245e+02 -4.200735996365510232e+02 -4.154855679410740663e+02 -1.038980086116645680e+03
-4.190616600539477759e+02 -4.210251869484110330e+02 -4.174951445326469752e+02 -4.200905038152206430e+02 -4.295467939558640182e+02 -4.163018844636277436e+02 -4.155410480642622133e+02 -4.406723034515137556e+02 -4.192284104999940837e+02 -1.127297998838155536e+03
-4.163929999198451242e+02 -4.276689325397479706e+02 -4.182141108062833155e+02 -4.171676257150105585e+02 -4.294006009997667661e+02 -4.192204011754100179e+02 -4.181262100190859314e+02 -4.303324865735508524e+02 -4.200710775481635437e+02 -1.694280234282893616e+03
-4.277232175677318082e+02 -3.715932633365802076e+02 -4.293844418904571967e+02 -3.704676017877985714e+02 -4.191022283441272975e+02 -4.322199121732630829e+02 -4.202663220237213864e+02 -4.192139617269499468e+02 -4.191908043683483243e+02 -4.191798672773869612e+02
-4.171414373871880343e+02 -4.181204603547919305e+02 -4.245461467114105858e+02 -4.162872118038316103e+02 -4.226969805038868913e+02 -4.275232662805244104e+02 -4.275090789748060160e+02 -4.153170160310758661e+02 -4.255601541119904141e+02 -2.476503081743619077e+03
-4.182260561089630642e+02 -4.154303134018646233e+02 -4.181816710483640236e+02 -4.294492194262450653e+02 -4.190018071203400609e+02 -4.190914492931453310e+02 -4.161989362551288423e+02 -4.161878377995628284e+02 -4.171508777618453223e+02 -1.691060100553490656e+03
-4.133166109030585176e+02 -4.142366079516898481e+02 -4.143051358473120445e+02 -4.161753702125194536e+02 -4.171511432152632324e+02 -4.145065723491362633e+02 -4.171568662491923760e+02 -4.217106192365583865e+02 -4.143429118271359357e+02 -2.719224338805056959e+03
-4.219497388175482229e+02 -4.172770740718526099e+02 -4.165589657981165033e+02 -4.314475625757639250e+02 -4.201556771246272319e+02 -4.309606033086292882e+02 -3.383427390507679888e+02 -3.541583753191365531e+02 -4.219661970300443841e+02 -4.405602818590542142e+02
-4.396812562384903913e+02 -4.181152140547661133e+02 -4.171527229267788925e+02 -4.152126346401529418e+02 -4.143340640462137117e+02 -4.152853918014415626e+02 -4.171236524560945895e+02 -4.283956503645704856e+02 -4.129122447417829562e+02 -2.634207305715054645e+03
-4.274233266269557134e+02 -4.171301000383082282e+02 -4.152161578876078920e+02 -4.264306669921610364e+02 -4.151752719311492683e+02 -4.152749055739516848e+02 -4.152875975116364202e+02 -4.152151649454809217e+02 -4.473642853126141290e+02 -2.577768310124684376e+03
-4.264296115870736799e+02 -4.245685089345961956e+02 -4.161735551013549639e+02 -4.151947708428882606e+02 -4.244940630693585035e+02 -4.142979918327822020e+02 -4.133331106416006833e+02 -4.161759794687767453e+02 -4.153559483715338274e+02 -2.233958314043124574e+03
-4.182556679908828983e+02 -4.163504361253366710e+02 -4.144756591967309873e+02 -4.284019492460699894e+02 -4.259065325351281217e+02 -4.493924377577466771e+02 -4.181417811616021254e+02 -4.181944777953634684e+02 -4.162791699229474034e+02 -9.257844984185417161e+02
-4.191304259133376604e+02 -4.422571058276945450e+02 -4.155917735585915125e+02 -4.162177752621855689e+02 -4.165319966196094583e+02 -4.200639405055044904e+02 -4.210016809025407269e+02 -4.304292730031135648e+02 -4.201549578892232262e+02 -1.874007520532552689e+03
-4.154282271660279093e+02 -4.274384948104109299e+02 -4.153195995561025597e+02 -4.154037757466998073e+02 -4.246080354425967585e+02 -4.171512184081884698e+02 -4.153633298946638206e+02 -4.161774298037785229e+02 -4.255021234435571955e+02 -1.689773388004670096e+03
-4.135651770717340696e+02 -4.182243419694567592e+02 -4.275218722832972844e+02 -4.284805523222852912e+02 -4.181371393069559872e+02 -4.171564607536154767e+02 -4.276494820120823874e+02 -4.395069177985956230e+02 -4.171611494644137110e+02 -2.051504544674173303e+03
-4.162037110727263780e+02 -4.219796919900152830e+02 -4.200693529241100350e+02 -4.447239384086300333e+02 -4.294134143058802806e+02 -4.421794987682537794e+02 -4.191018830873303500e+02 -4.172937311846433204e+02 -4.324029911833025608e+02 -9.266172671918899368e+02
-4.173358736168713676e+02 -4.164297962928165475e+02 -4.295755543677701667e+02 -4.304587468608055474e+02 -4.190901028551796230e+02 -4.161696475970871916e+02 -4.184999485849340886e+02 -4.181420401534753637e+02 -4.191103247368920961e+02 -1.129068238609352193e+03
-4.152580891141694224e+02 -4.161846029138978906e+02 -4.171582785264118343e+02 -4.163835381619784926e+02 -4.184852087284919548e+02 -4.274958055903110790e+02 -4.171297272843870587e+02 -4.172406237693956541e+02 -4.106592458024015855e+02 -3.197192910101126472e+03
-4.322981959842043125e+02 -4.294361285373189503e+02 -4.284460864499587842e+02 -4.219998642007248009e+02 -4.210414172892243414e+02 -4.264671385348147510e+02 -4.182202669675844504e+02 -4.190868352947294966e+02 -4.294443023945910909e+02 -7.293237433250502590e+02
-4.200727732905614289e+02 -4.203119576413582763e+02 -4.312950301939530959e+02 -4.181020216993676399e+02 -4.219766992473283835e+02 -4.201084824879771986e+02 -4.172871908666010086e+02 -4.162982968241815342e+02 -4.396396342691629116e+02 -1.228600002388160419e+03
-4.293754747528031430e+02 -4.295219931936306921e+02 -4.296233696264536093e+02 -4.191546366118811306e+02 -4.173452380138383546e+02 -4.183318852870315823e+02 -4.181484560410966083e+02 -4.145710402717445504e+02 -4.181211377831020855e+02 -1.871345326267686460e+03
-4.181315446967917637e+02 -4.153208760157942834e+02 -4.171938518182266762e+02 -4.575253878561383658e+02 -4.181298805940089096e+02 -4.117066421187388983e+02 -4.171588172560513499e+02 -4.191653450250355490e+02 -4.161771931997142246e+02 -2.225361542301072859e+03
-4.151964792479349740e+02 -4.172318921413596513e+02 -4.154106302184188166e+02 -4.166059477913926230e+02 -4.153677261355846895e+02 -4.161747918923574048e+02 -4.171347900513526383e+02 -4.172538602533376206e+02 -4.264938096913156187e+02 -3.038352193533353784e+03
-4.171605051407866540e+02 -4.191484715942509638e+02 -4.180985046024504186e+02 -4.274132265792771932e+02 -4.181924224015326672e+02 -4.182386997112523090e+02 -4.161824467758855803e+02 -4.144140594683030372e+02 -4.162966294257696518e+02 -2.723201797678842013e+03
-4.171468412477889274e+02 -4.153803769151761003e+02 -4.172562643617564504e+02 -4.181028786201612775e+02 -4.181132861281394639e+02 -4.294364697239056454e+02 -4.181276810150206416e+02 -4.277043050349140572e+02 -4.219787130458585693e+02 -2.297004465029353469e+03
-4.192485796533823077e+02 -4.171646837032486133e+02 -4.171728955212532242e+02 -4.182430494494770983e+02 -4.171660832189556913e+02 -4.171542144686410438e+02 -4.191007146379625965e+02 -4.172766274545439273e+02 -4.210232124736773471e+02 -2.222249123562718978e+03
-4.284086270338717668e+02 -4.200803166523117511e+02 -4.171788601586540608e+02 -4.265768383137653359e+02 -4.181764235004494594e+02 -4.194535399805896532e+02 -4.201613962699879607e+02 -4.181450762747103909e+02 -4.182107957399999236e+02 -1.963179331338552856e+03
-4.210197116565184956e+02 -4.312456018475029964e+02 -4.211950649690401178e+02 -4.181248023505319225e+02 -4.162113935749265465e+02 -4.176960973976218838e+02 -4.219836978639324343e+02 -4.181992993785271437e+02 -4.275190043367704220e+02 -1.124894285338694772e+03
-4.181367074167039277e+02 -5.199388654423675860e+01 -3.270992043225668340e+02 -4.181136880801500979e+02 -3.244209023219461301e+02 -4.164920715677770886e+02 -3.263399738578734741e+02 -4.172752412750969029e+02 -4.192530950096789866e+02 -4.174539569274002133e+02
-4.161767817448048277e+02 -4.152052512645946649e+02 -4.151969239961726430e+02 -4.172561291278495332e+02 -4.161750233657946865e+02 -4.285521471364024819e+02 -4.181236260770933768e+02 -4.154865321926144475e+02 -4.161834797015582126e+02 -2.956022162908361224e+03
-4.172211317414996756e+02 -4.142341346868150822e+02 -4.152036851182854775e+02 -4.161880172478253144e+02 -4.151901805581805434e+02 -4.123587175548550476e+02 -4.134500880825170270e+02 -4.142879892556443338e+02 -4.125162170272978983e+02 -2.964866726936937539e+03
-4.181301322914214893e+02 -4.172196225071461413e+02 -4.171674865913747681e+02 -4.267258521109056346e+02 -4.171603522796774541e+02 -4.171564642052408090e+02 -4.162614507250404472e+02 -4.161948043802182724e+02 -4.365974644571824683e+02 -1.970219315243570463e+03
-4.136453855873330099e+02 -4.162492006449314204e+02 -4.162674971865552038e+02 -4.124366137546517166e+02 -4.161808867824433378e+02 -4.143941324934083923e+02 -4.134092760519878880e+02 -4.161652841408852623e+02 -4.151821271716188448e+02 -3.249224387240996748e+03
-4.396311396779627785e+02 -4.198987692882893157e+02 -4.162206588982464837e+02 -4.171428250310270869e+02 -4.153033177075286062e+02 -4.152049329246170828e+02 -4.161743996877750078e+02 -4.181200961233316775e+02 -4.161617001608499322e+02 -2.606370284142981745e+03
-4.181475841508214444e+02 -4.175835290959442432e+02 -4.200914424384184827e+02 -4.192099730930840451e+02 -4.136737722568670961e+02 -4.163275103367963652e+02 -4.171664235592768364e+02 -4.172495121877236670e+02 -4.182908005811056569e+02 -2.308001888978546049e+03
-4.181089790752128579e+02 -4.171401696327440618e+02 -4.181184228783450294e+02 -4.161866113482374772e+02 -4.162761981555630086e+02 -4.142353723051467682e+02 -4.265933510170913223e+02 -4.172215381120856819e+02 -4.153060751159144957e+02 -2.795891924964310874e+03
-4.209987243894604489e+02 -4.265784390279831655e+02 -4.161939090828474832e+02 -4.191009619307794196e+02 -4.397516541447634495e+02 -4.171702800578010510e+02 -4.302569208415134199e+02 -4.142396275594630310e+02 -4.191113715832987054e+02 -1.690742499420535978e+03
-4.210620069198728288e+02 -4.212213950585227735e+02 -4.202632880981018388e+02 -4.200631246616095495e+02 -4.200573119450593822e+02 -4.173281493171057832e+02 -4.181563745697819172e+02 -4.191852022565108769e+02 -4.173458269164972876e+02 -1.414983365036030818e+03
-4.210465906649235421e+02 -4.201317365527205538e+02 -4.171765613561432247e+02 -4.285601504057207762e+02 -4.220977063383112409e+02 -4.293362593175925781e+02 -4.181498858122403703e+02 -4.219807392882566432e+02 -4.201164461357558366e+02 -1.601232781931020781e+03
-4.431598101675522230e+02 -4.200635630513675096e+02 -4.182402649239556354e+02 -4.331830286482262409e+02 -4.211159615877953115e+02 -4.174280692958299142e+02 -4.147191161960984687e+02 -4.181428034926928490e+02 -4.191906923929271898e+02 -1.413060979327398627e+03
-4.182289867890905271e+02 -4.181243785829129820e+02 -4.171357033788696071e+02 -4.256487399474654012e+02 -4.172180252802033920e+02 -4.171488320214762098e+02 -4.171672620551037767e+02 -4.181326116194705378e+02 -4.153290414451018933e+02 -2.976167982090284568e+03
-4.357087542989842746e+02 -4.162185152828299124e+02 -4.264645547172358420e+02 -4.132345460431806146e+02 -4.154667558315555880e+02 -4.133402086326298104e+02 -4.162407969254776390e+02 -4.151957890464532284e+02 -4.161736671938747918e+02 -2.545445433374762160e+03
-4.191664187507054748e+02 -4.440751050014548582e+02 -4.220237425643130678e+02 -4.210473349425046763e+02 -4.127652831665183157e+02 -4.191491234036353717e+02 -4.378113057690357550e+02 -4.332040878401402892e+02 -4.201410309804681447e+02 -6.292069389088539992e+02
-4.337179941746765053e+02 -4.152654372928760154e+02 -4.190885585747928417e+02 -4.174153368786605824e+02 -4.163148753430980946e+02 -4.161896767241366319e+02 -4.278848440817564551e+02 -4.181357162055509207e+02 -4.151942123232313406e+02 -2.864712736382216463e+03
-4.152232393980468714e+02 -4.275613108534278695e+02 -4.284057579224258916e+02 -4.161835654588006719e+02 -4.171683732084657663e+02 -4.283992171577982617e+02 -4.172775479422961666e+02 -4.153150728984942930e+02 -4.386890060080252738e+02 -2.138395854749831869e+03
-4.181300397290643787e+02 -4.163539408859284094e+02 -4.275269529681806944e+02 -4.182271170084914615e+02 -4.210284594154802562e+02 -4.191098815545348089e+02 -4.182789939136200701e+02 -4.172411414929128455e+02 -4.219840537998716741e+02 -1.872948971701414621e+03
-4.172486936620492202e+02 -4.626618456773087473e+02 -4.143699387847339040e+02 -4.172469525045449359e+02 -4.180982210950487570e+02 -4.136147887689951403e+02 -4.367539788323539369e+02 -4.172574680287324327e+02 -4.190891613219998817e+02 -2.197497405396257818e+03
-4.161943893694732992e+02 -4.264500516635417853e+02 -4.258708155506890307e+02 -4.180950174570373292e+02 -4.161593278457297629e+02 -4.210119198195776562e+02 -4.173813509934389572e+02 -4.284233227420392609e+02 -4.294133742444507789e+02 -1.875279270537648927e+03
-4.171648152501308005e+02 -4.190909043959704832e+02 -4.162570879530283037e+02 -4.142316668599861487e+02 -4.142396649454445878e+02 -4.143774250945190261e+02 -4.142974947220138233e+02 -4.143887354633685618e+02 -4.116787771618708121e+02 -2.806275561766310602e+03
-4.172378266481426863e+02 -4.155494391420498346e+02 -4.203578284072639235e+02 -4.152845563060577661e+02 -4.191793750018939591e+02 -4.161758654480747168e+02 -4.162465708532258191e+02 -4.181406131883073272e+02 -4.191184921391741227e+02 -2.142564784614286964e+03
-4.161758067632528082e+02 -4.285214266234041247e+02 -4.161589322874460208e+02 -4.172189870601142729e+02 -4.161812288117323533e+02 -4.293765175483949861e+02 -4.171772617839478698e+02 -4.171369068577690200e+02 -4.097050688739373641e+02 -2.127020465248559049e+03
-4.153165686366541536e+02 -4.191072931481154455e+02 -4.161935078533709884e+02 -4.220557167335593363e+02 -4.182201544678868572e+02 -4.274474011780577598e+02 -4.284012753327057226e+02 -4.161920254531626711e+02 -4.191015305473276840e+02 -2.049699772708297587e+03
-4.182372930584987785e+02 -4.324174485565279724e+02 -4.210151106504933409e+02 -4.200501455658765622e+02 -4.173905019659305253e+02 -4.201825269073131039e+02 -4.190996527410455883e+02 -4.164552443024039121e+02 -4.322503623275237032e+02 -1.413100405654416591e+03
-4.162608064466278961e+02 -4.172608357923352855e+02 -4.396824163709674735e+02 -4.365738517096924625e+02 -4.148169344757366162e+02 -4.303680268296161557e+02 -4.256840356214575536e+02 -4.201449022434249514e+02 -4.171547883999024293e+02 -1.222613513096571751e+03
-4.164204756406283536e+02 -4.184139839440466062e+02 -4.181268976954509071e+02 -4.395476498127126206e+02 -4.173620765522929332e+02 -4.182987010650761022e+02 -4.295104082755988202e+02 -4.162765224114404532e+02 -4.171665265522168511e+02 -2.579274914876034927e+03
-4.201758656106222816e+02 -4.303135662042179774e+02 -4.165169953128627753e+02 -4.256632253340767420e+02 -4.394623783398560590e+02 -4.172974404015207597e+02 -4.162340904380478150e+02 -4.303036840638536660e+02 -4.171610856990884031e+02 -1.788847765267297973e+03
-4.173412623838988225e+02 -4.171565185996842047e+02 -4.190641630047276180e+02 -4.181277589046259777e+02 -4.191677371613550349e+02 -4.182296502874316957e+02 -4.275402988997005878e+02 -4.200446718756280688e+02 -4.162485352441478881e+02 -1.869750996935640615e+03
-4.200638757280765390e+02 -4.200871441904742483e+02 -4.200705721174903715e+02 -4.276127187004775010e+02 -4.173485967747412815e+02 -4.201313851794988068e+02 -4.184210989866718933e+02 -4.181373350716742152e+02 -4.171709590866511803e+02 -1.873751872633490393e+03
-4.153668452036294525e+02 -4.181068365097578976e+02 -4.152145805866069850e+02 -4.172411834698011717e+02 -4.171358663547172796e+02 -4.200850240588741826e+02 -4.171566100084058917e+02 -4.161884091296079191e+02 -4.153026437449270247e+02 -1.504769644518387395e+03
-4.164016991488123836e+02 -4.181048059059183402e+02 -4.285122543239850188e+02 -4.294689762354280447e+02 -4.173814813869398677e+02 -4.285830580920108446e+02 -4.181396165893729631e+02 -4.181473432973906483e+02 -4.173384580554241552e+02 -2.225181144677914745e+03
-4.134442134598775738e+02 -4.161850028122206595e+02 -4.181247582261790967e+02 -4.161828507677317361e+02 -4.162009747456686455e+02 -4.162092807335399129e+02 -4.163823410257275555e+02 -4.151990068044183317e+02 -4.161671885375148463e+02 -2.410503574327451133e+03
-4.171686576659128605e+02 -4.172141252708572097e+02 -4.190925200795572323e+02 -4.153210550258065723e+02 -4.117206136283112414e+02 -4.266353779098860173e+02 -4.153565227213544517e+02 -4.161867150132276265e+02 -4.134219251209621575e+02 -2.377129551067932425e+03
-4.161755250078031168e+02 -4.163775053436069129e+02 -4.285452510405040130e+02 -4.152312414789801664e+02 -4.182106822130981527e+02 -4.142520827252617437e+02 -4.190910563452775932e+02 -4.163649020033361694e+02 -4.199843519453611407e+02 -2.396228514402484052e+03
-4.163154479457492130e+02 -4.161916729403497470e+02 -4.181114743293666720e+02 -4.379164365372618590e+02 -4.182895080338894331e+02 -4.162461689204010327e+02 -4.255698156348614134e+02 -4.153247047947301667e+02 -4.162636367863396458e+02 -3.178991563660079009e+03
-4.397061572956645250e+02 -4.210550535034465724e+02 -4.209863735951409467e+02 -4.171583536540963451e+02 -4.388566887049067873e+02 -4.171589029542483331e+02 -4.283700365645383954e+02 -4.162133825457966054e+02 -4.162690242560450997e+02 -1.315087312348285650e+03
-4.219396158811905480e+02 -4.143125196457274342e+02 -4.162551192546980587e+02 -4.143050587816108532e+02 -4.152050444204341488e+02 -4.274218642271379736e+02 -4.161774128096215577e+02 -4.182261673813091534e+02 -4.125211429534181775e+02 -3.115931052918044770e+03
-4.152932324831127744e+02 -4.171418901130356858e+02 -4.171759644602618664e+02 -4.162772017487587846e+02 -4.193073667802125328e+02 -4.192535578943216024e+02 -4.172574479620958527e+02 -4.171426344062488738e+02 -4.493611811043635385e+02 -1.602893105945361413e+03
-4.156154614921995289e+02 -4.152893533928460670e+02 -4.172290870070490882e+02 -4.181266033918143989e+02 -4.171595271865596146e+02 -4.161867120473319801e+02 -4.161765048840082386e+02 -4.153391307852057821e+02 -4.181289135676955198e+02 -2.549211746387315543e+03
-4.200720631032677375e+02 -4.192004211818710360e+02 -4.322324073813881569e+02 -4.171680237114582610e+02 -4.275557229052959087e+02 -4.143409587789704460e+02 -4.172381020008222094e+02 -4.181938522808575271e+02 -4.191898032614508338e+02 -1.870971596935173238e+03
-4.132409358914000563e+02 -4.181962158591370553e+02 -4.151681969802172034e+02 -4.182203135619056980e+02 -4.162629347176185206e+02 -4.327875727394007299e+02 -4.144384212427720513e+02 -4.162420537202092987e+02 -4.163224709323613979e+02 -2.228846990118601752e+03
-4.172039871134984423e+02 -4.163650322066490617e+02 -4.256311727143162216e+02 -4.143036863578396378e+02 -4.163687760026768387e+02 -4.142323049959600780e+02 -4.181385178088723364e+02 -4.161866735601324763e+02 -4.338759756177065015e+02 -1.960386114567531877e+03
-4.163028243485196072e+02 -4.171430195856626710e+02 -4.302772768089890860e+02 -4.153865709926172372e+02 -4.181506394079130473e+02 -4.172382377877359545e+02 -4.152971802221399571e+02 -4.182811577207377809e+02 -4.305196862718831881e+02 -1.702361275575487525e+03
-4.181199670755455600e+02 -4.171473047505025988e+02 -4.172368014876456073e+02 -4.180858737845106816e+02 -4.153070542092312962e+02 -4.163767078581554983e+02 -4.144789781782034197e+02 -4.161845913901955782e+02 -4.152981548543148165e+02 -3.338880668395327120e+03
-4.404493286829014096e+02 -4.185102015288995290e+02 -4.229357542946752346e+02 -4.191204021339081578e+02 -4.200935498198631990e+02 -4.423854584317495551e+02 -4.432832482267832575e+02 -4.303453456263279691e+02 -4.322206601911536836e+02 -1.125636240583966583e+03
-4.417503256698130372e+02 -4.156665897881287606e+02 -4.117512799496391267e+02 -4.172756884943834166e+02 -4.181955212285917582e+02 -4.249903050360987322e+02 -4.161417882354431299e+02 -4.163937121763514142e+02 -4.172400087901258985e+02 -2.135024687311839898e+03
-4.172451641022577746e+02 -4.200506461912054874e+02 -4.275732075410471680e+02 -4.162924752396917825e+02 -4.190913995937252139e+02 -4.294941382651870754e+02 -4.153609495883355294e+02 -4.161774625711999533e+02 -4.192637916445893893e+02 -1.960324609500887618e+03
-4.192219627854046280e+02 -4.172352043061190443e+02 -4.181992170392738899e+02 -4.278110498115765949e+02 -4.201456284418575251e+02 -4.190653605913248043e+02 -4.182475232055321612e+02 -4.293379564908760244e+02 -4.182108553128423409e+02 -2.142597283874124969e+03
-4.162448519282615393e+02 -4.171690353800192952e+02 -4.172396932388554660e+02 -4.163653682444897868e+02 -4.161657301441681511e+02 -4.152950857302722625e+02 -4.161684429133904359e+02 -4.161852276506626254e+02 -4.302523571468560704e+02 -2.310515643357698991e+03
-4.171681092923612937e+02 -4.162031533417983837e+02 -4.153059798066929034e+02 -4.181193834295743841e+02 -4.162135388860518219e+02 -4.395138643902045601e+02 -4.200578740313036405e+02 -4.106635340726734285e+02 -4.172847520536396928e+02 -2.222005631980300677e+03
-4.200366040209423204e+02 -4.274924001965601974e+02 -4.190848556114588632e+02 -4.127935811418966523e+02 -4.164100127678331091e+02 -4.183445733697054152e+02 -4.314321858457390135e+02 -4.210088419840870984e+02 -4.393493113716589846e+02 -1.965871301903084714e+03
-4.156022445018239182e+02 -4.183346003308364516e+02 -4.273480944533504271e+02 -4.162605966896149425e+02 -4.171586302486047657e+02 -4.152050774970872453e+02 -4.142342244656927051e+02 -4.182095766405152517e+02 -4.171593468897463595e+02 -1.699387755509225826e+03
-4.181829903726467137e+02 -4.142975692156596779e+02 -4.144154143713496978e+02 -4.264672697508017336e+02 -4.143150464755827898e+02 -4.171488320332002218e+02 -4.161793848969912233e+02 -4.136326855392047150e+02 -4.153846571460629207e+02 -2.299373952163764443e+03
-4.285048782613983462e+02 -4.305445749858702129e+02 -4.154648343093790572e+02 -4.403894642812770144e+02 -4.303307823183874348e+02 -4.162864737744865806e+02 -4.181281174740482811e+02 -4.182058787801979065e+02 -4.285135761553647171e+02 -9.382794185739361410e+02
-4.154751021225589511e+02 -4.163811598368230307e+02 -4.357999256538403756e+02 -4.171602050318525698e+02 -4.162665551410577223e+02 -4.255592876186971694e+02 -4.285935006737123558e+02 -4.146109480829236418e+02 -4.134273433871038037e+02 -2.644593710695509344e+03
-4.171295143121681122e+02 -4.142615124935581434e+02 -4.145235171200823174e+02 -4.301062848966474803e+02 -4.151961239856562997e+02 -4.180995558092317310e+02 -4.161584315426972012e+02 -4.172208606975419229e+02 -4.162498389212533993e+02 -2.468764353669093452e+03
-4.162803710846892500e+02 -4.277006274325234472e+02 -4.152685117228896843e+02 -4.173412271400097779e+02 -4.172469224599732343e+02 -4.181091493190502888e+02 -4.293606052564769584e+02 -4.151966852354487401e+02 -4.162371927466971897e+02 -2.882061540484379293e+03
-4.182266893913992476e+02 -4.172683589031894371e+02 -4.144880347394384899e+02 -4.181161973214554450e+02 -4.191923442787214071e+02 -4.162775739625877236e+02 -4.171896584384417679e+02 -4.153209038556485666e+02 -4.172442732568941324e+02 -2.465879981523601600e+03
-4.181285200409215577e+02 -4.191061789520779257e+02 -4.524008188752275714e+02 -4.191113833266985012e+02 -4.190985537730734904e+02 -4.163932134870389064e+02 -4.201520001839106158e+02 -4.303471910636674238e+02 -4.182283735015854518e+02 -1.872412309648880409e+03
-4.404287044216900995e+02 -4.183251635020874915e+02 -4.283781123438836289e+02 -4.506473779910230633e+02 -4.275537140378679624e+02 -4.181260030245861685e+02 -4.171575778457769275e+02 -4.144044479980869369e+02 -4.190929883640524736e+02 -1.963444014287873415e+03
-4.322112559273513739e+02 -4.172240139332961917e+02 -4.172407548912387369e+02 -4.171566391713150210e+02 -4.312736513298717682e+02 -4.302677098352609164e+02 -4.144764559811370077e+02 -4.200608008248837564e+02 -4.200912428839626500e+02 -8.348511817610104799e+02
-4.134223725137017027e+02 -4.144837587138164849e+02 -4.132951495349947777e+02 -4.161583337451246507e+02 -4.143154660219983043e+02 -4.162839691793436714e+02 -4.142107823930793984e+02 -4.132955764189296133e+02 -4.134154754460461731e+02 -3.783280124068126042e+03
-4.171734475493982472e+02 -4.191031412370428484e+02 -4.200731289701251399e+02 -4.151745343089656330e+02 -4.162970573221608674e+02 -4.145026777225876913e+02 -4.293938546643761356e+02 -4.144564835806923497e+02 -4.172076911898451499e+02 -1.601193930557306658e+03
-4.256627566911909071e+02 -4.162688578690354007e+02 -4.161963390010433272e+02 -4.144052455792319165e+02 -4.133242298795698844e+02 -4.154134959116537402e+02 -4.136630427464555737e+02 -4.152939983640977744e+02 -4.274030103599864105e+02 -2.220364108418258184e+03
-4.145445648420452471e+02 -4.143334149403888205e+02 -4.171498887554185444e+02 -4.144354017492777871e+02 -4.226765401193537173e+02 -4.265124953676895529e+02 -4.142233628260543128e+02 -4.142212603236551445e+02 -4.162783708249705228e+02 -3.258315607011085831e+03
-4.143366591663458962e+02 -4.152856248811307864e+02 -4.151782876175092269e+02 -4.133334161509953901e+02 -4.198121394590549471e+02 -4.151942925968225495e+02 -4.151969682715698013e+02 -4.217162659422832007e+02 -4.144847421157931535e+02 -2.954987566331848029e+03
-4.171687227449160673e+02 -4.126908058065819205e+02 -4.171662341846041500e+02 -4.152038904956718852e+02 -4.200537005555265182e+02 -4.143765576994630351e+02 -4.142312793533698141e+02 -4.143156396842205140e+02 -4.134823527481099177e+02 -2.219765576520424020e+03
-4.152870951090875451e+02 -4.146396309894763590e+02 -4.172298205227534140e+02 -4.142133849654272240e+02 -4.190902763364611019e+02 -4.171875637469259459e+02 -4.143337348081643086e+02 -4.153177266757775783e+02 -4.246141225426163714e+02 -2.559473118150317532e+03
-4.181324350749951009e+02 -4.255843122382738670e+02 -4.162409900437277201e+02 -4.190848605460081444e+02 -4.190899582255526070e+02 -4.181292348698445949e+02 -4.152747543126219512e+02 -4.255571574904690237e+02 -4.161605536400822984e+02 -2.548558527223324745e+03
-4.274120154309568420e+02 -4.133091098568448274e+02 -4.142958611548767749e+02 -4.152606484779610696e+02 -4.161735652051560237e+02 -4.226905861561774032e+02 -4.274334454425385275e+02 -4.161754108710085802e+02 -4.142213725568876157e+02 -2.050175487087322836e+03
-4.285907148876037809e+02 -4.192805360877347312e+02 -4.171381172083078468e+02 -4.172123440144295046e+02 -4.171761474857783583e+02 -4.164263463659721651e+02 -4.153010171902585626e+02 -4.182317607880116270e+02 -4.181293490985960943e+02 -2.392440407572500135e+03
