-9.67015703589 | 
-104.369322613 | 
-105.360678363 | 
-207.697046107 | 
-207.693476909 | 
-207.695200837 | 
-104.371591863 | 
-104.369254642 | 
-104.369425678 | 
-114.951940166 | 
-207.694117005 | 
-105.352550861 | 
-104.369607074 | 
-104.369450898 | 
-104.368198779 | 
-104.368453573 | 
-207.696085041 | 
-111.988320697 | 
-104.370962561 | 
-104.368662002 | 
-114.936107153 | 
-104.371213885 | 
-104.369079538 | 
-104.370104379 | 
-105.361517627 | 
-103.544894654 | 
-104.369860852 | 
-103.461715992 | 
-104.369692534 | 
-104.368351975 | 
-104.36870705 | 
-104.369186042 | 
-104.369858136 | 
-104.36915803 | 
-208.678363526 | 
-8.78952544923 | 
-207.694118634 | 
-208.678998578 | 
-103.453051726 | 
-206.899045104 | 
-104.369258807 | 
-207.787081836 | 
-207.695692693 | 
-105.361364005 | 
-104.368814754 | 
-111.274264765 | 
-207.694828906 | 
-208.679238965 | 
-105.362181556 | 
-104.367762412 | 
-206.975846074 | 
-207.790764062 | 
-104.367853109 | 
-104.368768976 | 
-114.960841337 | 
-207.694892523 | 
-104.370098643 | 
-208.684710926 | 
-104.368119825 | 
-207.697385026 | 
-104.370161884 | 
-208.677276826 | 
-207.69541451 | 
-104.368683104 | 
-105.360110857 | 
-104.368366355 | 
-113.960898733 | 
-104.36947885 | 
-124.341004278 | 
-104.369830813 | 
-114.925080763 | 
-207.695100438 | 
-208.677872776 | 
-104.368185835 | 
-104.369135931 | 
-104.369041928 | 
-104.370161343 | 
-104.367184511 | 
-104.369897287 | 
-104.369056149 | 
-104.369194492 | 
-206.795683355 | 
-105.361911042 | 
-104.369783186 | 
-104.368084694 | 
-207.694601795 | 
-104.367618865 | 
-104.371010891 | 
-104.366897807 | 
-9.6699449013 | 
-104.369458583 | 
-207.695520191 | 
-114.962255743 | 
-207.69562106 | 
-104.371145345 | 
-208.681145333 | 
-104.36842914 | 
-104.368617464 | 
-104.36922992 | 
-104.368349534 | 
-207.694670448 | 
-206.798444898 | 
-206.799292213 | 
-104.471260925 | 
-207.694703568 | 
-104.370242639 | 
-105.351671465 | 
-104.369969346 | 
-206.796027385 | 
-10.6781992481 | 
-207.788990659 | 
-111.082001085 | 
-104.368142444 | 
-114.926945294 | 
-104.37167928 | 
-126.329638946 | 
-104.370033956 | 
-105.364007934 | 
-105.362268082 | 
-209.66009561 | 
-113.16349611 | 
-104.368093129 | 
-207.694819 | 
-104.37029508 | 
-206.798662388 | 
-104.368988731 | 
-206.795571836 | 
-104.369814696 | 
-207.696325334 | 
-103.45374201 | 
-104.371104897 | 
-104.369643297 | 
-8.68884375776 | 
-104.369019617 | 
-104.368952783 | 
-104.370592948 | 
-105.352535798 | 
-207.695787047 | 
-105.361907579 | 
-104.369891048 | 
-104.36863182 | 
-207.798768782 | 
-207.696035565 | 
-104.370371764 | 
-104.369070385 | 
0.0 | 
-103.462209147 | 
-104.367827743 | 
-208.688086624 | 
-207.697405081 | 
-208.67676336 | 
-104.367826914 | 
-206.797493318 | 
-114.926433891 | 
-208.678347464 | 
-104.369543298 | 
-208.670423725 | 
-113.954049126 | 
-105.352310446 | 
-113.962234817 | 
-104.36928683 | 
-105.353061036 | 
-208.681598614 | 
-9.66055270773 | 
-207.789069963 | 
-104.369526094 | 
-113.968640917 | 
-104.369803115 | 
0.0 | 
-208.688109731 | 
-206.79881339 | 
-207.693929039 | 
-207.69940068 | 
-104.368384972 | 
-104.369247907 | 
-104.36970422 | 
-104.36854383 | 
-19.1666629359 | 
-208.686672846 | 
-207.69197135 | 
-310.069774597 | 
-208.685706024 | 
-103.461832739 | 
-104.369659537 | 
-104.368605908 | 
-104.369911858 | 
-105.351888969 | 
-206.79742117 | 
-105.352110669 | 
-115.922062076 | 
-105.352647014 | 
-104.371144544 | 
-104.369217398 | 
-105.361848493 | 
-104.369147336 | 
-104.370456109 | 
-207.77170659 | 
-206.79668083 | 
-104.368569503 | 
-309.090145333 | 
-104.370231891 | 
-111.064283053 | 
-104.369061038 | 
-105.353307088 | 
-207.69489876 | 
-104.36864096 | 
-104.370394364 | 
-116.018655952 | 
-104.369219851 | 
-104.368795621 | 
-113.96291866 | 
-104.369910551 | 
-105.362122942 | 
-113.970936836 | 
-105.352891256 | 
-104.369238828 | 
-104.369948596 | 
-104.369025151 | 
-207.695190666 | 
-9.69658310026 | 
-110.988849389 | 
-310.979340296 | 
-104.369056461 | 
-104.368331232 | 
-206.797401993 | 
-104.369771914 | 
-206.796109284 | 
-113.970652275 | 
-104.371689844 | 
-104.369403431 | 
-104.369929421 | 
-207.788565918 | 
-104.368916001 | 
-208.678807023 | 
-207.692087304 | 
-104.370123325 | 
-104.369559246 | 
-104.369647631 | 
-104.370547991 | 
-104.370219163 | 
-104.368849681 | 
-207.695094596 | 
-104.369505454 | 
-104.370554318 | 
-104.369558593 | 
-104.369326222 | 
-104.368743165 | 
-207.696548223 | 
-208.676170524 | 
-207.697346564 | 
-206.79801347 | 
-206.799220426 | 
-104.369864732 | 
-124.516209401 | 
-10.6807273255 | 
-104.368471648 | 
